0.566608 0.125425 -0.30203 -0.0166683 -0.364912 0.930805 -0.012797 
0.644603 0.0482348 -0.300806 0.0331387 -0.399132 0.916294 -0.00024277 
0.517026 0.0114563 -0.299156 0.0200859 -0.410968 0.910819 -0.0333397 
0.48117 0.202383 -0.300939 0.0520573 -0.372671 0.926343 0.0171695 
0.523168 -0.0515493 -0.30267 0.0463335 -0.394663 0.915569 -0.0618606 
0.723527 0.139579 -0.303119 0.0111115 -0.378741 0.925289 -0.0164897 
0.738716 -0.0413718 -0.288852 0.0213911 -0.395359 0.918278 -0.000537366 

The arrays are in the order: 
SQUARE, LINE, L, REVERSE L, T
